# 相机标定结果
# 来源: 10 张标定图像, 重投影误差: 0.1422px
# 图像尺寸: 1280x1024
# 重投影误差: 0.1422px
camera_matrix: [1721.9088772086093, 0, 638.64001457489985, 0, 1720.3123565816311, 526.50391640743908, 0, 0, 1]
distort_coeffs: [-0.08489857504240135, 0.1161789526543692, 0.0029370702792296463, 0.00098332786778968818, 0]
